name,title,activity_period,notable_deeds
黄道,无（注：此名在汉奸名录中无可靠记载，此处不列）,,
